777
[1, 3, 25]
[9, 10, 9]
[10, 9, 10]
[1, 2, 3, 25]
[9, 10, 11, 9]
[10, 11, 9, 10]
[11, 9, 10, 11]
[10, 9, 12, 3, 25]
[10, 11, 9, 12, 3, 25]
[12, 13, 15, 17, 19, 12]
[13, 15, 17, 19, 12, 13]
[15, 17, 19, 12, 13, 15]
[17, 19, 12, 13, 15, 17]
[19, 12, 13, 15, 17, 19]
[3, 4, 6, 8, 9, 12, 3]
[4, 6, 8, 9, 12, 3, 4]
[4, 6, 8, 9, 12, 3, 25]
[6, 8, 9, 12, 3, 4, 6]
[8, 9, 12, 3, 4, 6, 8]
[9, 12, 3, 4, 6, 8, 9]
[10, 9, 12, 3, 4, 6, 8]
[12, 3, 4, 6, 8, 9, 12]
[12, 13, 14, 15, 17, 19, 12]
[12, 13, 15, 16, 17, 19, 12]
[12, 13, 15, 17, 18, 19, 12]
[13, 14, 15, 17, 19, 12, 13]
[13, 15, 16, 17, 19, 12, 13]
[13, 15, 17, 18, 19, 12, 13]
[13, 15, 17, 19, 12, 3, 25]
[14, 15, 17, 19, 12, 13, 14]
[15, 16, 17, 19, 12, 13, 15]
[15, 17, 18, 19, 12, 13, 15]
[15, 17, 19, 12, 13, 14, 15]
[16, 17, 19, 12, 13, 15, 16]
[17, 18, 19, 12, 13, 15, 17]
[17, 19, 12, 13, 14, 15, 17]
[17, 19, 12, 13, 15, 16, 17]
[18, 19, 12, 13, 15, 17, 18]
[19, 12, 13, 14, 15, 17, 19]
[19, 12, 13, 15, 16, 17, 19]
[19, 12, 13, 15, 17, 18, 19]
[1, 3, 4, 6, 8, 9, 10, 11]
[3, 4, 5, 6, 8, 9, 12, 3]
[3, 4, 6, 7, 8, 9, 12, 3]
[4, 5, 6, 8, 9, 12, 3, 4]
[4, 5, 6, 8, 9, 12, 3, 25]
[4, 6, 7, 8, 9, 12, 3, 4]
[4, 6, 7, 8, 9, 12, 3, 25]
[5, 6, 8, 9, 12, 3, 4, 5]
[6, 7, 8, 9, 12, 3, 4, 6]
[6, 8, 9, 12, 3, 4, 5, 6]
[7, 8, 9, 12, 3, 4, 6, 7]
[8, 9, 12, 3, 4, 5, 6, 8]
[8, 9, 12, 3, 4, 6, 7, 8]
[9, 12, 3, 4, 5, 6, 8, 9]
[9, 12, 3, 4, 6, 7, 8, 9]
[10, 9, 12, 3, 4, 5, 6, 8]
[10, 9, 12, 3, 4, 6, 7, 8]
[10, 11, 9, 12, 3, 4, 6, 8]
[12, 3, 4, 5, 6, 8, 9, 12]
[12, 3, 4, 6, 7, 8, 9, 12]
[12, 13, 14, 15, 16, 17, 19, 12]
[12, 13, 14, 15, 17, 18, 19, 12]
[12, 13, 15, 16, 17, 18, 19, 12]
[12, 13, 15, 17, 19, 20, 21, 12]
[13, 14, 15, 16, 17, 19, 12, 13]
[13, 14, 15, 17, 18, 19, 12, 13]
[13, 14, 15, 17, 19, 12, 3, 25]
[13, 15, 16, 17, 18, 19, 12, 13]
[13, 15, 16, 17, 19, 12, 3, 25]
[13, 15, 17, 18, 19, 12, 3, 25]
[13, 15, 17, 19, 20, 21, 12, 13]
[14, 15, 16, 17, 19, 12, 13, 14]
[14, 15, 17, 18, 19, 12, 13, 14]
[15, 16, 17, 18, 19, 12, 13, 15]
[15, 16, 17, 19, 12, 13, 14, 15]
[15, 17, 18, 19, 12, 13, 14, 15]
[15, 17, 19, 20, 21, 12, 13, 15]
[16, 17, 18, 19, 12, 13, 15, 16]
[16, 17, 19, 12, 13, 14, 15, 16]
[17, 18, 19, 12, 13, 14, 15, 17]
[17, 18, 19, 12, 13, 15, 16, 17]
[17, 19, 12, 13, 14, 15, 16, 17]
[17, 19, 20, 21, 12, 13, 15, 17]
[18, 19, 12, 13, 14, 15, 17, 18]
[18, 19, 12, 13, 15, 16, 17, 18]
[19, 12, 13, 14, 15, 16, 17, 19]
[19, 12, 13, 14, 15, 17, 18, 19]
[19, 12, 13, 15, 16, 17, 18, 19]
[19, 20, 21, 12, 13, 15, 17, 19]
[20, 21, 12, 13, 15, 17, 19, 20]
[21, 12, 13, 15, 17, 19, 20, 21]
[1, 2, 3, 4, 6, 8, 9, 10, 11]
[1, 3, 4, 5, 6, 8, 9, 10, 11]
[1, 3, 4, 6, 7, 8, 9, 10, 11]
[3, 4, 5, 6, 7, 8, 9, 12, 3]
[4, 5, 6, 7, 8, 9, 12, 3, 4]
[4, 5, 6, 7, 8, 9, 12, 3, 25]
[5, 6, 7, 8, 9, 12, 3, 4, 5]
[6, 7, 8, 9, 12, 3, 4, 5, 6]
[7, 8, 9, 12, 3, 4, 5, 6, 7]
[8, 9, 12, 3, 4, 5, 6, 7, 8]
[9, 12, 3, 4, 5, 6, 7, 8, 9]
[10, 9, 12, 3, 4, 5, 6, 7, 8]
[10, 9, 12, 13, 15, 17, 19, 20, 21]
[10, 11, 9, 12, 3, 4, 5, 6, 8]
[10, 11, 9, 12, 3, 4, 6, 7, 8]
[12, 3, 4, 5, 6, 7, 8, 9, 12]
[12, 13, 14, 15, 16, 17, 18, 19, 12]
[12, 13, 14, 15, 17, 19, 20, 21, 12]
[12, 13, 15, 16, 17, 19, 20, 21, 12]
[12, 13, 15, 17, 18, 19, 20, 21, 12]
[12, 13, 15, 17, 19, 20, 22, 23, 12]
[12, 13, 15, 17, 19, 20, 22, 24, 12]
[13, 14, 15, 16, 17, 18, 19, 12, 13]
[13, 14, 15, 16, 17, 19, 12, 3, 25]
[13, 14, 15, 17, 18, 19, 12, 3, 25]
[13, 14, 15, 17, 19, 20, 21, 12, 13]
[13, 15, 16, 17, 18, 19, 12, 3, 25]
[13, 15, 16, 17, 19, 20, 21, 12, 13]
[13, 15, 17, 18, 19, 20, 21, 12, 13]
[13, 15, 17, 19, 20, 21, 12, 3, 25]
[13, 15, 17, 19, 20, 22, 23, 12, 13]
[13, 15, 17, 19, 20, 22, 24, 12, 13]
[14, 15, 16, 17, 18, 19, 12, 13, 14]
[14, 15, 17, 19, 20, 21, 12, 13, 14]
[15, 16, 17, 18, 19, 12, 13, 14, 15]
[15, 16, 17, 19, 20, 21, 12, 13, 15]
[15, 17, 18, 19, 20, 21, 12, 13, 15]
[15, 17, 19, 20, 21, 12, 13, 14, 15]
[15, 17, 19, 20, 22, 23, 12, 13, 15]
[15, 17, 19, 20, 22, 24, 12, 13, 15]
[16, 17, 18, 19, 12, 13, 14, 15, 16]
[16, 17, 19, 20, 21, 12, 13, 15, 16]
[17, 18, 19, 12, 13, 14, 15, 16, 17]
[17, 18, 19, 20, 21, 12, 13, 15, 17]
[17, 19, 20, 21, 12, 13, 14, 15, 17]
[17, 19, 20, 21, 12, 13, 15, 16, 17]
[17, 19, 20, 22, 23, 12, 13, 15, 17]
[17, 19, 20, 22, 24, 12, 13, 15, 17]
[18, 19, 12, 13, 14, 15, 16, 17, 18]
[18, 19, 20, 21, 12, 13, 15, 17, 18]
[19, 12, 13, 14, 15, 16, 17, 18, 19]
[19, 20, 21, 12, 13, 14, 15, 17, 19]
[19, 20, 21, 12, 13, 15, 16, 17, 19]
[19, 20, 21, 12, 13, 15, 17, 18, 19]
[19, 20, 22, 23, 12, 13, 15, 17, 19]
[19, 20, 22, 24, 12, 13, 15, 17, 19]
[20, 21, 12, 13, 14, 15, 17, 19, 20]
[20, 21, 12, 13, 15, 16, 17, 19, 20]
[20, 21, 12, 13, 15, 17, 18, 19, 20]
[20, 22, 23, 12, 13, 15, 17, 19, 20]
[20, 22, 24, 12, 13, 15, 17, 19, 20]
[21, 12, 13, 14, 15, 17, 19, 20, 21]
[21, 12, 13, 15, 16, 17, 19, 20, 21]
[21, 12, 13, 15, 17, 18, 19, 20, 21]
[21, 12, 13, 15, 17, 19, 20, 22, 23]
[21, 12, 13, 15, 17, 19, 20, 22, 24]
[22, 23, 12, 13, 15, 17, 19, 20, 21]
[22, 23, 12, 13, 15, 17, 19, 20, 22]
[22, 24, 12, 13, 15, 17, 19, 20, 21]
[22, 24, 12, 13, 15, 17, 19, 20, 22]
[23, 12, 13, 15, 17, 19, 20, 22, 23]
[23, 12, 13, 15, 17, 19, 20, 22, 24]
[24, 12, 13, 15, 17, 19, 20, 22, 23]
[24, 12, 13, 15, 17, 19, 20, 22, 24]
[1, 2, 3, 4, 5, 6, 8, 9, 10, 11]
[1, 2, 3, 4, 6, 7, 8, 9, 10, 11]
[1, 3, 4, 5, 6, 7, 8, 9, 10, 11]
[10, 9, 12, 13, 14, 15, 17, 19, 20, 21]
[10, 9, 12, 13, 15, 16, 17, 19, 20, 21]
[10, 9, 12, 13, 15, 17, 18, 19, 20, 21]
[10, 9, 12, 13, 15, 17, 19, 20, 22, 23]
[10, 9, 12, 13, 15, 17, 19, 20, 22, 24]
[10, 11, 9, 12, 3, 4, 5, 6, 7, 8]
[10, 11, 9, 12, 13, 15, 17, 19, 20, 21]
[12, 13, 14, 15, 16, 17, 19, 20, 21, 12]
[12, 13, 14, 15, 17, 18, 19, 20, 21, 12]
[12, 13, 14, 15, 17, 19, 20, 22, 23, 12]
[12, 13, 14, 15, 17, 19, 20, 22, 24, 12]
[12, 13, 15, 16, 17, 18, 19, 20, 21, 12]
[12, 13, 15, 16, 17, 19, 20, 22, 23, 12]
[12, 13, 15, 16, 17, 19, 20, 22, 24, 12]
[12, 13, 15, 17, 18, 19, 20, 22, 23, 12]
[12, 13, 15, 17, 18, 19, 20, 22, 24, 12]
[13, 14, 15, 16, 17, 18, 19, 12, 3, 25]
[13, 14, 15, 16, 17, 19, 20, 21, 12, 13]
[13, 14, 15, 17, 18, 19, 20, 21, 12, 13]
[13, 14, 15, 17, 19, 20, 21, 12, 3, 25]
[13, 14, 15, 17, 19, 20, 22, 23, 12, 13]
[13, 14, 15, 17, 19, 20, 22, 24, 12, 13]
[13, 15, 16, 17, 18, 19, 20, 21, 12, 13]
[13, 15, 16, 17, 19, 20, 21, 12, 3, 25]
[13, 15, 16, 17, 19, 20, 22, 23, 12, 13]
[13, 15, 16, 17, 19, 20, 22, 24, 12, 13]
[13, 15, 17, 18, 19, 20, 21, 12, 3, 25]
[13, 15, 17, 18, 19, 20, 22, 23, 12, 13]
[13, 15, 17, 18, 19, 20, 22, 24, 12, 13]
[13, 15, 17, 19, 20, 22, 23, 12, 3, 25]
[13, 15, 17, 19, 20, 22, 24, 12, 3, 25]
[14, 15, 16, 17, 19, 20, 21, 12, 13, 14]
[14, 15, 17, 18, 19, 20, 21, 12, 13, 14]
[14, 15, 17, 19, 20, 22, 23, 12, 13, 14]
[14, 15, 17, 19, 20, 22, 24, 12, 13, 14]
[15, 16, 17, 18, 19, 20, 21, 12, 13, 15]
[15, 16, 17, 19, 20, 21, 12, 13, 14, 15]
[15, 16, 17, 19, 20, 22, 23, 12, 13, 15]
[15, 16, 17, 19, 20, 22, 24, 12, 13, 15]
[15, 17, 18, 19, 20, 21, 12, 13, 14, 15]
[15, 17, 18, 19, 20, 22, 23, 12, 13, 15]
[15, 17, 18, 19, 20, 22, 24, 12, 13, 15]
[15, 17, 19, 20, 22, 23, 12, 13, 14, 15]
[15, 17, 19, 20, 22, 24, 12, 13, 14, 15]
[16, 17, 18, 19, 20, 21, 12, 13, 15, 16]
[16, 17, 19, 20, 21, 12, 13, 14, 15, 16]
[16, 17, 19, 20, 22, 23, 12, 13, 15, 16]
[16, 17, 19, 20, 22, 24, 12, 13, 15, 16]
[17, 18, 19, 20, 21, 12, 13, 14, 15, 17]
[17, 18, 19, 20, 21, 12, 13, 15, 16, 17]
[17, 18, 19, 20, 22, 23, 12, 13, 15, 17]
[17, 18, 19, 20, 22, 24, 12, 13, 15, 17]
[17, 19, 20, 21, 12, 13, 14, 15, 16, 17]
[17, 19, 20, 22, 23, 12, 13, 14, 15, 17]
[17, 19, 20, 22, 23, 12, 13, 15, 16, 17]
[17, 19, 20, 22, 24, 12, 13, 14, 15, 17]
[17, 19, 20, 22, 24, 12, 13, 15, 16, 17]
[18, 19, 20, 21, 12, 13, 14, 15, 17, 18]
[18, 19, 20, 21, 12, 13, 15, 16, 17, 18]
[18, 19, 20, 22, 23, 12, 13, 15, 17, 18]
[18, 19, 20, 22, 24, 12, 13, 15, 17, 18]
[19, 20, 21, 12, 13, 14, 15, 16, 17, 19]
[19, 20, 21, 12, 13, 14, 15, 17, 18, 19]
[19, 20, 21, 12, 13, 15, 16, 17, 18, 19]
[19, 20, 22, 23, 12, 13, 14, 15, 17, 19]
[19, 20, 22, 23, 12, 13, 15, 16, 17, 19]
[19, 20, 22, 23, 12, 13, 15, 17, 18, 19]
[19, 20, 22, 24, 12, 13, 14, 15, 17, 19]
[19, 20, 22, 24, 12, 13, 15, 16, 17, 19]
[19, 20, 22, 24, 12, 13, 15, 17, 18, 19]
[20, 21, 12, 13, 14, 15, 16, 17, 19, 20]
[20, 21, 12, 13, 14, 15, 17, 18, 19, 20]
[20, 21, 12, 13, 15, 16, 17, 18, 19, 20]
[20, 22, 23, 12, 13, 14, 15, 17, 19, 20]
[20, 22, 23, 12, 13, 15, 16, 17, 19, 20]
[20, 22, 23, 12, 13, 15, 17, 18, 19, 20]
[20, 22, 24, 12, 13, 14, 15, 17, 19, 20]
[20, 22, 24, 12, 13, 15, 16, 17, 19, 20]
[20, 22, 24, 12, 13, 15, 17, 18, 19, 20]
[21, 12, 13, 14, 15, 16, 17, 19, 20, 21]
[21, 12, 13, 14, 15, 17, 18, 19, 20, 21]
[21, 12, 13, 14, 15, 17, 19, 20, 22, 23]
[21, 12, 13, 14, 15, 17, 19, 20, 22, 24]
[21, 12, 13, 15, 16, 17, 18, 19, 20, 21]
[21, 12, 13, 15, 16, 17, 19, 20, 22, 23]
[21, 12, 13, 15, 16, 17, 19, 20, 22, 24]
[21, 12, 13, 15, 17, 18, 19, 20, 22, 23]
[21, 12, 13, 15, 17, 18, 19, 20, 22, 24]
[22, 23, 12, 13, 14, 15, 17, 19, 20, 21]
[22, 23, 12, 13, 14, 15, 17, 19, 20, 22]
[22, 23, 12, 13, 15, 16, 17, 19, 20, 21]
[22, 23, 12, 13, 15, 16, 17, 19, 20, 22]
[22, 23, 12, 13, 15, 17, 18, 19, 20, 21]
[22, 23, 12, 13, 15, 17, 18, 19, 20, 22]
[22, 24, 12, 13, 14, 15, 17, 19, 20, 21]
[22, 24, 12, 13, 14, 15, 17, 19, 20, 22]
[22, 24, 12, 13, 15, 16, 17, 19, 20, 21]
[22, 24, 12, 13, 15, 16, 17, 19, 20, 22]
[22, 24, 12, 13, 15, 17, 18, 19, 20, 21]
[22, 24, 12, 13, 15, 17, 18, 19, 20, 22]
[23, 12, 13, 14, 15, 17, 19, 20, 22, 23]
[23, 12, 13, 14, 15, 17, 19, 20, 22, 24]
[23, 12, 13, 15, 16, 17, 19, 20, 22, 23]
[23, 12, 13, 15, 16, 17, 19, 20, 22, 24]
[23, 12, 13, 15, 17, 18, 19, 20, 22, 23]
[23, 12, 13, 15, 17, 18, 19, 20, 22, 24]
[24, 12, 13, 14, 15, 17, 19, 20, 22, 23]
[24, 12, 13, 14, 15, 17, 19, 20, 22, 24]
[24, 12, 13, 15, 16, 17, 19, 20, 22, 23]
[24, 12, 13, 15, 16, 17, 19, 20, 22, 24]
[24, 12, 13, 15, 17, 18, 19, 20, 22, 23]
[24, 12, 13, 15, 17, 18, 19, 20, 22, 24]
[1, 2, 3, 4, 5, 6, 7, 8, 9, 10, 11]
[10, 9, 12, 13, 14, 15, 16, 17, 19, 20, 21]
[10, 9, 12, 13, 14, 15, 17, 18, 19, 20, 21]
[10, 9, 12, 13, 14, 15, 17, 19, 20, 22, 23]
[10, 9, 12, 13, 14, 15, 17, 19, 20, 22, 24]
[10, 9, 12, 13, 15, 16, 17, 18, 19, 20, 21]
[10, 9, 12, 13, 15, 16, 17, 19, 20, 22, 23]
[10, 9, 12, 13, 15, 16, 17, 19, 20, 22, 24]
[10, 9, 12, 13, 15, 17, 18, 19, 20, 22, 23]
[10, 9, 12, 13, 15, 17, 18, 19, 20, 22, 24]
[10, 11, 9, 12, 13, 14, 15, 17, 19, 20, 21]
[10, 11, 9, 12, 13, 15, 16, 17, 19, 20, 21]
[10, 11, 9, 12, 13, 15, 17, 18, 19, 20, 21]
[10, 11, 9, 12, 13, 15, 17, 19, 20, 22, 23]
[10, 11, 9, 12, 13, 15, 17, 19, 20, 22, 24]
[12, 13, 14, 15, 16, 17, 18, 19, 20, 21, 12]
[12, 13, 14, 15, 16, 17, 19, 20, 22, 23, 12]
[12, 13, 14, 15, 16, 17, 19, 20, 22, 24, 12]
[12, 13, 14, 15, 17, 18, 19, 20, 22, 23, 12]
[12, 13, 14, 15, 17, 18, 19, 20, 22, 24, 12]
[12, 13, 15, 16, 17, 18, 19, 20, 22, 23, 12]
[12, 13, 15, 16, 17, 18, 19, 20, 22, 24, 12]
[13, 14, 15, 16, 17, 18, 19, 20, 21, 12, 13]
[13, 14, 15, 16, 17, 19, 20, 21, 12, 3, 25]
[13, 14, 15, 16, 17, 19, 20, 22, 23, 12, 13]
[13, 14, 15, 16, 17, 19, 20, 22, 24, 12, 13]
[13, 14, 15, 17, 18, 19, 20, 21, 12, 3, 25]
[13, 14, 15, 17, 18, 19, 20, 22, 23, 12, 13]
[13, 14, 15, 17, 18, 19, 20, 22, 24, 12, 13]
[13, 14, 15, 17, 19, 20, 22, 23, 12, 3, 25]
[13, 14, 15, 17, 19, 20, 22, 24, 12, 3, 25]
[13, 15, 16, 17, 18, 19, 20, 21, 12, 3, 25]
[13, 15, 16, 17, 18, 19, 20, 22, 23, 12, 13]
[13, 15, 16, 17, 18, 19, 20, 22, 24, 12, 13]
[13, 15, 16, 17, 19, 20, 22, 23, 12, 3, 25]
[13, 15, 16, 17, 19, 20, 22, 24, 12, 3, 25]
[13, 15, 17, 18, 19, 20, 22, 23, 12, 3, 25]
[13, 15, 17, 18, 19, 20, 22, 24, 12, 3, 25]
[14, 15, 16, 17, 18, 19, 20, 21, 12, 13, 14]
[14, 15, 16, 17, 19, 20, 22, 23, 12, 13, 14]
[14, 15, 16, 17, 19, 20, 22, 24, 12, 13, 14]
[14, 15, 17, 18, 19, 20, 22, 23, 12, 13, 14]
[14, 15, 17, 18, 19, 20, 22, 24, 12, 13, 14]
[15, 16, 17, 18, 19, 20, 21, 12, 13, 14, 15]
[15, 16, 17, 18, 19, 20, 22, 23, 12, 13, 15]
[15, 16, 17, 18, 19, 20, 22, 24, 12, 13, 15]
[15, 16, 17, 19, 20, 22, 23, 12, 13, 14, 15]
[15, 16, 17, 19, 20, 22, 24, 12, 13, 14, 15]
[15, 17, 18, 19, 20, 22, 23, 12, 13, 14, 15]
[15, 17, 18, 19, 20, 22, 24, 12, 13, 14, 15]
[16, 17, 18, 19, 20, 21, 12, 13, 14, 15, 16]
[16, 17, 18, 19, 20, 22, 23, 12, 13, 15, 16]
[16, 17, 18, 19, 20, 22, 24, 12, 13, 15, 16]
[16, 17, 19, 20, 22, 23, 12, 13, 14, 15, 16]
[16, 17, 19, 20, 22, 24, 12, 13, 14, 15, 16]
[17, 18, 19, 20, 21, 12, 13, 14, 15, 16, 17]
[17, 18, 19, 20, 22, 23, 12, 13, 14, 15, 17]
[17, 18, 19, 20, 22, 23, 12, 13, 15, 16, 17]
[17, 18, 19, 20, 22, 24, 12, 13, 14, 15, 17]
[17, 18, 19, 20, 22, 24, 12, 13, 15, 16, 17]
[17, 19, 20, 22, 23, 12, 13, 14, 15, 16, 17]
[17, 19, 20, 22, 24, 12, 13, 14, 15, 16, 17]
[18, 19, 20, 21, 12, 13, 14, 15, 16, 17, 18]
[18, 19, 20, 22, 23, 12, 13, 14, 15, 17, 18]
[18, 19, 20, 22, 23, 12, 13, 15, 16, 17, 18]
[18, 19, 20, 22, 24, 12, 13, 14, 15, 17, 18]
[18, 19, 20, 22, 24, 12, 13, 15, 16, 17, 18]
[19, 20, 21, 12, 13, 14, 15, 16, 17, 18, 19]
[19, 20, 22, 23, 12, 13, 14, 15, 16, 17, 19]
[19, 20, 22, 23, 12, 13, 14, 15, 17, 18, 19]
[19, 20, 22, 23, 12, 13, 15, 16, 17, 18, 19]
[19, 20, 22, 24, 12, 13, 14, 15, 16, 17, 19]
[19, 20, 22, 24, 12, 13, 14, 15, 17, 18, 19]
[19, 20, 22, 24, 12, 13, 15, 16, 17, 18, 19]
[20, 21, 12, 13, 14, 15, 16, 17, 18, 19, 20]
[20, 22, 23, 12, 13, 14, 15, 16, 17, 19, 20]
[20, 22, 23, 12, 13, 14, 15, 17, 18, 19, 20]
[20, 22, 23, 12, 13, 15, 16, 17, 18, 19, 20]
[20, 22, 24, 12, 13, 14, 15, 16, 17, 19, 20]
[20, 22, 24, 12, 13, 14, 15, 17, 18, 19, 20]
[20, 22, 24, 12, 13, 15, 16, 17, 18, 19, 20]
[21, 12, 13, 14, 15, 16, 17, 18, 19, 20, 21]
[21, 12, 13, 14, 15, 16, 17, 19, 20, 22, 23]
[21, 12, 13, 14, 15, 16, 17, 19, 20, 22, 24]
[21, 12, 13, 14, 15, 17, 18, 19, 20, 22, 23]
[21, 12, 13, 14, 15, 17, 18, 19, 20, 22, 24]
[21, 12, 13, 15, 16, 17, 18, 19, 20, 22, 23]
[21, 12, 13, 15, 16, 17, 18, 19, 20, 22, 24]
[22, 23, 12, 13, 14, 15, 16, 17, 19, 20, 21]
[22, 23, 12, 13, 14, 15, 16, 17, 19, 20, 22]
[22, 23, 12, 13, 14, 15, 17, 18, 19, 20, 21]
[22, 23, 12, 13, 14, 15, 17, 18, 19, 20, 22]
[22, 23, 12, 13, 15, 16, 17, 18, 19, 20, 21]
[22, 23, 12, 13, 15, 16, 17, 18, 19, 20, 22]
[22, 24, 12, 13, 14, 15, 16, 17, 19, 20, 21]
[22, 24, 12, 13, 14, 15, 16, 17, 19, 20, 22]
[22, 24, 12, 13, 14, 15, 17, 18, 19, 20, 21]
[22, 24, 12, 13, 14, 15, 17, 18, 19, 20, 22]
[22, 24, 12, 13, 15, 16, 17, 18, 19, 20, 21]
[22, 24, 12, 13, 15, 16, 17, 18, 19, 20, 22]
[23, 12, 13, 14, 15, 16, 17, 19, 20, 22, 23]
[23, 12, 13, 14, 15, 16, 17, 19, 20, 22, 24]
[23, 12, 13, 14, 15, 17, 18, 19, 20, 22, 23]
[23, 12, 13, 14, 15, 17, 18, 19, 20, 22, 24]
[23, 12, 13, 15, 16, 17, 18, 19, 20, 22, 23]
[23, 12, 13, 15, 16, 17, 18, 19, 20, 22, 24]
[24, 12, 13, 14, 15, 16, 17, 19, 20, 22, 23]
[24, 12, 13, 14, 15, 16, 17, 19, 20, 22, 24]
[24, 12, 13, 14, 15, 17, 18, 19, 20, 22, 23]
[24, 12, 13, 14, 15, 17, 18, 19, 20, 22, 24]
[24, 12, 13, 15, 16, 17, 18, 19, 20, 22, 23]
[24, 12, 13, 15, 16, 17, 18, 19, 20, 22, 24]
[10, 9, 12, 13, 14, 15, 16, 17, 18, 19, 20, 21]
[10, 9, 12, 13, 14, 15, 16, 17, 19, 20, 22, 23]
[10, 9, 12, 13, 14, 15, 16, 17, 19, 20, 22, 24]
[10, 9, 12, 13, 14, 15, 17, 18, 19, 20, 22, 23]
[10, 9, 12, 13, 14, 15, 17, 18, 19, 20, 22, 24]
[10, 9, 12, 13, 15, 16, 17, 18, 19, 20, 22, 23]
[10, 9, 12, 13, 15, 16, 17, 18, 19, 20, 22, 24]
[10, 11, 9, 12, 13, 14, 15, 16, 17, 19, 20, 21]
[10, 11, 9, 12, 13, 14, 15, 17, 18, 19, 20, 21]
[10, 11, 9, 12, 13, 14, 15, 17, 19, 20, 22, 23]
[10, 11, 9, 12, 13, 14, 15, 17, 19, 20, 22, 24]
[10, 11, 9, 12, 13, 15, 16, 17, 18, 19, 20, 21]
[10, 11, 9, 12, 13, 15, 16, 17, 19, 20, 22, 23]
[10, 11, 9, 12, 13, 15, 16, 17, 19, 20, 22, 24]
[10, 11, 9, 12, 13, 15, 17, 18, 19, 20, 22, 23]
[10, 11, 9, 12, 13, 15, 17, 18, 19, 20, 22, 24]
[12, 13, 14, 15, 16, 17, 18, 19, 20, 22, 23, 12]
[12, 13, 14, 15, 16, 17, 18, 19, 20, 22, 24, 12]
[13, 14, 15, 16, 17, 18, 19, 20, 21, 12, 3, 25]
[13, 14, 15, 16, 17, 18, 19, 20, 22, 23, 12, 13]
[13, 14, 15, 16, 17, 18, 19, 20, 22, 24, 12, 13]
[13, 14, 15, 16, 17, 19, 20, 22, 23, 12, 3, 25]
[13, 14, 15, 16, 17, 19, 20, 22, 24, 12, 3, 25]
[13, 14, 15, 17, 18, 19, 20, 22, 23, 12, 3, 25]
[13, 14, 15, 17, 18, 19, 20, 22, 24, 12, 3, 25]
[13, 15, 16, 17, 18, 19, 20, 22, 23, 12, 3, 25]
[13, 15, 16, 17, 18, 19, 20, 22, 24, 12, 3, 25]
[13, 15, 17, 19, 12, 3, 4, 6, 8, 9, 10, 11]
[14, 15, 16, 17, 18, 19, 20, 22, 23, 12, 13, 14]
[14, 15, 16, 17, 18, 19, 20, 22, 24, 12, 13, 14]
[15, 16, 17, 18, 19, 20, 22, 23, 12, 13, 14, 15]
[15, 16, 17, 18, 19, 20, 22, 24, 12, 13, 14, 15]
[16, 17, 18, 19, 20, 22, 23, 12, 13, 14, 15, 16]
[16, 17, 18, 19, 20, 22, 24, 12, 13, 14, 15, 16]
[17, 18, 19, 20, 22, 23, 12, 13, 14, 15, 16, 17]
[17, 18, 19, 20, 22, 24, 12, 13, 14, 15, 16, 17]
[18, 19, 20, 22, 23, 12, 13, 14, 15, 16, 17, 18]
[18, 19, 20, 22, 24, 12, 13, 14, 15, 16, 17, 18]
[19, 20, 22, 23, 12, 13, 14, 15, 16, 17, 18, 19]
[19, 20, 22, 24, 12, 13, 14, 15, 16, 17, 18, 19]
[20, 22, 23, 12, 13, 14, 15, 16, 17, 18, 19, 20]
[20, 22, 24, 12, 13, 14, 15, 16, 17, 18, 19, 20]
[21, 12, 13, 14, 15, 16, 17, 18, 19, 20, 22, 23]
[21, 12, 13, 14, 15, 16, 17, 18, 19, 20, 22, 24]
[22, 23, 12, 13, 14, 15, 16, 17, 18, 19, 20, 21]
[22, 23, 12, 13, 14, 15, 16, 17, 18, 19, 20, 22]
[22, 24, 12, 13, 14, 15, 16, 17, 18, 19, 20, 21]
[22, 24, 12, 13, 14, 15, 16, 17, 18, 19, 20, 22]
[23, 12, 13, 14, 15, 16, 17, 18, 19, 20, 22, 23]
[23, 12, 13, 14, 15, 16, 17, 18, 19, 20, 22, 24]
[24, 12, 13, 14, 15, 16, 17, 18, 19, 20, 22, 23]
[24, 12, 13, 14, 15, 16, 17, 18, 19, 20, 22, 24]
[1, 3, 4, 6, 8, 9, 12, 13, 15, 17, 19, 20, 21]
[10, 9, 12, 13, 14, 15, 16, 17, 18, 19, 20, 22, 23]
[10, 9, 12, 13, 14, 15, 16, 17, 18, 19, 20, 22, 24]
[10, 11, 9, 12, 13, 14, 15, 16, 17, 18, 19, 20, 21]
[10, 11, 9, 12, 13, 14, 15, 16, 17, 19, 20, 22, 23]
[10, 11, 9, 12, 13, 14, 15, 16, 17, 19, 20, 22, 24]
[10, 11, 9, 12, 13, 14, 15, 17, 18, 19, 20, 22, 23]
[10, 11, 9, 12, 13, 14, 15, 17, 18, 19, 20, 22, 24]
[10, 11, 9, 12, 13, 15, 16, 17, 18, 19, 20, 22, 23]
[10, 11, 9, 12, 13, 15, 16, 17, 18, 19, 20, 22, 24]
[13, 14, 15, 16, 17, 18, 19, 20, 22, 23, 12, 3, 25]
[13, 14, 15, 16, 17, 18, 19, 20, 22, 24, 12, 3, 25]
[13, 14, 15, 17, 19, 12, 3, 4, 6, 8, 9, 10, 11]
[13, 15, 16, 17, 19, 12, 3, 4, 6, 8, 9, 10, 11]
[13, 15, 17, 18, 19, 12, 3, 4, 6, 8, 9, 10, 11]
[13, 15, 17, 19, 12, 3, 4, 5, 6, 8, 9, 10, 11]
[13, 15, 17, 19, 12, 3, 4, 6, 7, 8, 9, 10, 11]
[1, 2, 3, 4, 6, 8, 9, 12, 13, 15, 17, 19, 20, 21]
[1, 3, 4, 5, 6, 8, 9, 12, 13, 15, 17, 19, 20, 21]
[1, 3, 4, 6, 7, 8, 9, 12, 13, 15, 17, 19, 20, 21]
[1, 3, 4, 6, 8, 9, 12, 13, 14, 15, 17, 19, 20, 21]
[1, 3, 4, 6, 8, 9, 12, 13, 15, 16, 17, 19, 20, 21]
[1, 3, 4, 6, 8, 9, 12, 13, 15, 17, 18, 19, 20, 21]
[1, 3, 4, 6, 8, 9, 12, 13, 15, 17, 19, 20, 22, 23]
[1, 3, 4, 6, 8, 9, 12, 13, 15, 17, 19, 20, 22, 24]
[10, 11, 9, 12, 13, 14, 15, 16, 17, 18, 19, 20, 22, 23]
[10, 11, 9, 12, 13, 14, 15, 16, 17, 18, 19, 20, 22, 24]
[13, 14, 15, 16, 17, 19, 12, 3, 4, 6, 8, 9, 10, 11]
[13, 14, 15, 17, 18, 19, 12, 3, 4, 6, 8, 9, 10, 11]
[13, 14, 15, 17, 19, 12, 3, 4, 5, 6, 8, 9, 10, 11]
[13, 14, 15, 17, 19, 12, 3, 4, 6, 7, 8, 9, 10, 11]
[13, 15, 16, 17, 18, 19, 12, 3, 4, 6, 8, 9, 10, 11]
[13, 15, 16, 17, 19, 12, 3, 4, 5, 6, 8, 9, 10, 11]
[13, 15, 16, 17, 19, 12, 3, 4, 6, 7, 8, 9, 10, 11]
[13, 15, 17, 18, 19, 12, 3, 4, 5, 6, 8, 9, 10, 11]
[13, 15, 17, 18, 19, 12, 3, 4, 6, 7, 8, 9, 10, 11]
[13, 15, 17, 19, 12, 3, 4, 5, 6, 7, 8, 9, 10, 11]
[13, 15, 17, 19, 20, 21, 12, 3, 4, 6, 8, 9, 10, 11]
[1, 2, 3, 4, 5, 6, 8, 9, 12, 13, 15, 17, 19, 20, 21]
[1, 2, 3, 4, 6, 7, 8, 9, 12, 13, 15, 17, 19, 20, 21]
[1, 2, 3, 4, 6, 8, 9, 12, 13, 14, 15, 17, 19, 20, 21]
[1, 2, 3, 4, 6, 8, 9, 12, 13, 15, 16, 17, 19, 20, 21]
[1, 2, 3, 4, 6, 8, 9, 12, 13, 15, 17, 18, 19, 20, 21]
[1, 2, 3, 4, 6, 8, 9, 12, 13, 15, 17, 19, 20, 22, 23]
[1, 2, 3, 4, 6, 8, 9, 12, 13, 15, 17, 19, 20, 22, 24]
[1, 3, 4, 5, 6, 7, 8, 9, 12, 13, 15, 17, 19, 20, 21]
[1, 3, 4, 5, 6, 8, 9, 12, 13, 14, 15, 17, 19, 20, 21]
[1, 3, 4, 5, 6, 8, 9, 12, 13, 15, 16, 17, 19, 20, 21]
[1, 3, 4, 5, 6, 8, 9, 12, 13, 15, 17, 18, 19, 20, 21]
[1, 3, 4, 5, 6, 8, 9, 12, 13, 15, 17, 19, 20, 22, 23]
[1, 3, 4, 5, 6, 8, 9, 12, 13, 15, 17, 19, 20, 22, 24]
[1, 3, 4, 6, 7, 8, 9, 12, 13, 14, 15, 17, 19, 20, 21]
[1, 3, 4, 6, 7, 8, 9, 12, 13, 15, 16, 17, 19, 20, 21]
[1, 3, 4, 6, 7, 8, 9, 12, 13, 15, 17, 18, 19, 20, 21]
[1, 3, 4, 6, 7, 8, 9, 12, 13, 15, 17, 19, 20, 22, 23]
[1, 3, 4, 6, 7, 8, 9, 12, 13, 15, 17, 19, 20, 22, 24]
[1, 3, 4, 6, 8, 9, 12, 13, 14, 15, 16, 17, 19, 20, 21]
[1, 3, 4, 6, 8, 9, 12, 13, 14, 15, 17, 18, 19, 20, 21]
[1, 3, 4, 6, 8, 9, 12, 13, 14, 15, 17, 19, 20, 22, 23]
[1, 3, 4, 6, 8, 9, 12, 13, 14, 15, 17, 19, 20, 22, 24]
[1, 3, 4, 6, 8, 9, 12, 13, 15, 16, 17, 18, 19, 20, 21]
[1, 3, 4, 6, 8, 9, 12, 13, 15, 16, 17, 19, 20, 22, 23]
[1, 3, 4, 6, 8, 9, 12, 13, 15, 16, 17, 19, 20, 22, 24]
[1, 3, 4, 6, 8, 9, 12, 13, 15, 17, 18, 19, 20, 22, 23]
[1, 3, 4, 6, 8, 9, 12, 13, 15, 17, 18, 19, 20, 22, 24]
[13, 14, 15, 16, 17, 18, 19, 12, 3, 4, 6, 8, 9, 10, 11]
[13, 14, 15, 16, 17, 19, 12, 3, 4, 5, 6, 8, 9, 10, 11]
[13, 14, 15, 16, 17, 19, 12, 3, 4, 6, 7, 8, 9, 10, 11]
[13, 14, 15, 17, 18, 19, 12, 3, 4, 5, 6, 8, 9, 10, 11]
[13, 14, 15, 17, 18, 19, 12, 3, 4, 6, 7, 8, 9, 10, 11]
[13, 14, 15, 17, 19, 12, 3, 4, 5, 6, 7, 8, 9, 10, 11]
[13, 14, 15, 17, 19, 20, 21, 12, 3, 4, 6, 8, 9, 10, 11]
[13, 15, 16, 17, 18, 19, 12, 3, 4, 5, 6, 8, 9, 10, 11]
[13, 15, 16, 17, 18, 19, 12, 3, 4, 6, 7, 8, 9, 10, 11]
[13, 15, 16, 17, 19, 12, 3, 4, 5, 6, 7, 8, 9, 10, 11]
[13, 15, 16, 17, 19, 20, 21, 12, 3, 4, 6, 8, 9, 10, 11]
[13, 15, 17, 18, 19, 12, 3, 4, 5, 6, 7, 8, 9, 10, 11]
[13, 15, 17, 18, 19, 20, 21, 12, 3, 4, 6, 8, 9, 10, 11]
[13, 15, 17, 19, 20, 21, 12, 3, 4, 5, 6, 8, 9, 10, 11]
[13, 15, 17, 19, 20, 21, 12, 3, 4, 6, 7, 8, 9, 10, 11]
[13, 15, 17, 19, 20, 22, 23, 12, 3, 4, 6, 8, 9, 10, 11]
[13, 15, 17, 19, 20, 22, 24, 12, 3, 4, 6, 8, 9, 10, 11]
[1, 2, 3, 4, 5, 6, 7, 8, 9, 12, 13, 15, 17, 19, 20, 21]
[1, 2, 3, 4, 5, 6, 8, 9, 12, 13, 14, 15, 17, 19, 20, 21]
[1, 2, 3, 4, 5, 6, 8, 9, 12, 13, 15, 16, 17, 19, 20, 21]
[1, 2, 3, 4, 5, 6, 8, 9, 12, 13, 15, 17, 18, 19, 20, 21]
[1, 2, 3, 4, 5, 6, 8, 9, 12, 13, 15, 17, 19, 20, 22, 23]
[1, 2, 3, 4, 5, 6, 8, 9, 12, 13, 15, 17, 19, 20, 22, 24]
[1, 2, 3, 4, 6, 7, 8, 9, 12, 13, 14, 15, 17, 19, 20, 21]
[1, 2, 3, 4, 6, 7, 8, 9, 12, 13, 15, 16, 17, 19, 20, 21]
[1, 2, 3, 4, 6, 7, 8, 9, 12, 13, 15, 17, 18, 19, 20, 21]
[1, 2, 3, 4, 6, 7, 8, 9, 12, 13, 15, 17, 19, 20, 22, 23]
[1, 2, 3, 4, 6, 7, 8, 9, 12, 13, 15, 17, 19, 20, 22, 24]
[1, 2, 3, 4, 6, 8, 9, 12, 13, 14, 15, 16, 17, 19, 20, 21]
[1, 2, 3, 4, 6, 8, 9, 12, 13, 14, 15, 17, 18, 19, 20, 21]
[1, 2, 3, 4, 6, 8, 9, 12, 13, 14, 15, 17, 19, 20, 22, 23]
[1, 2, 3, 4, 6, 8, 9, 12, 13, 14, 15, 17, 19, 20, 22, 24]
[1, 2, 3, 4, 6, 8, 9, 12, 13, 15, 16, 17, 18, 19, 20, 21]
[1, 2, 3, 4, 6, 8, 9, 12, 13, 15, 16, 17, 19, 20, 22, 23]
[1, 2, 3, 4, 6, 8, 9, 12, 13, 15, 16, 17, 19, 20, 22, 24]
[1, 2, 3, 4, 6, 8, 9, 12, 13, 15, 17, 18, 19, 20, 22, 23]
[1, 2, 3, 4, 6, 8, 9, 12, 13, 15, 17, 18, 19, 20, 22, 24]
[1, 3, 4, 5, 6, 7, 8, 9, 12, 13, 14, 15, 17, 19, 20, 21]
[1, 3, 4, 5, 6, 7, 8, 9, 12, 13, 15, 16, 17, 19, 20, 21]
[1, 3, 4, 5, 6, 7, 8, 9, 12, 13, 15, 17, 18, 19, 20, 21]
[1, 3, 4, 5, 6, 7, 8, 9, 12, 13, 15, 17, 19, 20, 22, 23]
[1, 3, 4, 5, 6, 7, 8, 9, 12, 13, 15, 17, 19, 20, 22, 24]
[1, 3, 4, 5, 6, 8, 9, 12, 13, 14, 15, 16, 17, 19, 20, 21]
[1, 3, 4, 5, 6, 8, 9, 12, 13, 14, 15, 17, 18, 19, 20, 21]
[1, 3, 4, 5, 6, 8, 9, 12, 13, 14, 15, 17, 19, 20, 22, 23]
[1, 3, 4, 5, 6, 8, 9, 12, 13, 14, 15, 17, 19, 20, 22, 24]
[1, 3, 4, 5, 6, 8, 9, 12, 13, 15, 16, 17, 18, 19, 20, 21]
[1, 3, 4, 5, 6, 8, 9, 12, 13, 15, 16, 17, 19, 20, 22, 23]
[1, 3, 4, 5, 6, 8, 9, 12, 13, 15, 16, 17, 19, 20, 22, 24]
[1, 3, 4, 5, 6, 8, 9, 12, 13, 15, 17, 18, 19, 20, 22, 23]
[1, 3, 4, 5, 6, 8, 9, 12, 13, 15, 17, 18, 19, 20, 22, 24]
[1, 3, 4, 6, 7, 8, 9, 12, 13, 14, 15, 16, 17, 19, 20, 21]
[1, 3, 4, 6, 7, 8, 9, 12, 13, 14, 15, 17, 18, 19, 20, 21]
[1, 3, 4, 6, 7, 8, 9, 12, 13, 14, 15, 17, 19, 20, 22, 23]
[1, 3, 4, 6, 7, 8, 9, 12, 13, 14, 15, 17, 19, 20, 22, 24]
[1, 3, 4, 6, 7, 8, 9, 12, 13, 15, 16, 17, 18, 19, 20, 21]
[1, 3, 4, 6, 7, 8, 9, 12, 13, 15, 16, 17, 19, 20, 22, 23]
[1, 3, 4, 6, 7, 8, 9, 12, 13, 15, 16, 17, 19, 20, 22, 24]
[1, 3, 4, 6, 7, 8, 9, 12, 13, 15, 17, 18, 19, 20, 22, 23]
[1, 3, 4, 6, 7, 8, 9, 12, 13, 15, 17, 18, 19, 20, 22, 24]
[1, 3, 4, 6, 8, 9, 12, 13, 14, 15, 16, 17, 18, 19, 20, 21]
[1, 3, 4, 6, 8, 9, 12, 13, 14, 15, 16, 17, 19, 20, 22, 23]
[1, 3, 4, 6, 8, 9, 12, 13, 14, 15, 16, 17, 19, 20, 22, 24]
[1, 3, 4, 6, 8, 9, 12, 13, 14, 15, 17, 18, 19, 20, 22, 23]
[1, 3, 4, 6, 8, 9, 12, 13, 14, 15, 17, 18, 19, 20, 22, 24]
[1, 3, 4, 6, 8, 9, 12, 13, 15, 16, 17, 18, 19, 20, 22, 23]
[1, 3, 4, 6, 8, 9, 12, 13, 15, 16, 17, 18, 19, 20, 22, 24]
[13, 14, 15, 16, 17, 18, 19, 12, 3, 4, 5, 6, 8, 9, 10, 11]
[13, 14, 15, 16, 17, 18, 19, 12, 3, 4, 6, 7, 8, 9, 10, 11]
[13, 14, 15, 16, 17, 19, 12, 3, 4, 5, 6, 7, 8, 9, 10, 11]
[13, 14, 15, 16, 17, 19, 20, 21, 12, 3, 4, 6, 8, 9, 10, 11]
[13, 14, 15, 17, 18, 19, 12, 3, 4, 5, 6, 7, 8, 9, 10, 11]
[13, 14, 15, 17, 18, 19, 20, 21, 12, 3, 4, 6, 8, 9, 10, 11]
[13, 14, 15, 17, 19, 20, 21, 12, 3, 4, 5, 6, 8, 9, 10, 11]
[13, 14, 15, 17, 19, 20, 21, 12, 3, 4, 6, 7, 8, 9, 10, 11]
[13, 14, 15, 17, 19, 20, 22, 23, 12, 3, 4, 6, 8, 9, 10, 11]
[13, 14, 15, 17, 19, 20, 22, 24, 12, 3, 4, 6, 8, 9, 10, 11]
[13, 15, 16, 17, 18, 19, 12, 3, 4, 5, 6, 7, 8, 9, 10, 11]
[13, 15, 16, 17, 18, 19, 20, 21, 12, 3, 4, 6, 8, 9, 10, 11]
[13, 15, 16, 17, 19, 20, 21, 12, 3, 4, 5, 6, 8, 9, 10, 11]
[13, 15, 16, 17, 19, 20, 21, 12, 3, 4, 6, 7, 8, 9, 10, 11]
[13, 15, 16, 17, 19, 20, 22, 23, 12, 3, 4, 6, 8, 9, 10, 11]
[13, 15, 16, 17, 19, 20, 22, 24, 12, 3, 4, 6, 8, 9, 10, 11]
[13, 15, 17, 18, 19, 20, 21, 12, 3, 4, 5, 6, 8, 9, 10, 11]
[13, 15, 17, 18, 19, 20, 21, 12, 3, 4, 6, 7, 8, 9, 10, 11]
[13, 15, 17, 18, 19, 20, 22, 23, 12, 3, 4, 6, 8, 9, 10, 11]
[13, 15, 17, 18, 19, 20, 22, 24, 12, 3, 4, 6, 8, 9, 10, 11]
[13, 15, 17, 19, 20, 21, 12, 3, 4, 5, 6, 7, 8, 9, 10, 11]
[13, 15, 17, 19, 20, 22, 23, 12, 3, 4, 5, 6, 8, 9, 10, 11]
[13, 15, 17, 19, 20, 22, 23, 12, 3, 4, 6, 7, 8, 9, 10, 11]
[13, 15, 17, 19, 20, 22, 24, 12, 3, 4, 5, 6, 8, 9, 10, 11]
[13, 15, 17, 19, 20, 22, 24, 12, 3, 4, 6, 7, 8, 9, 10, 11]
[1, 2, 3, 4, 5, 6, 7, 8, 9, 12, 13, 14, 15, 17, 19, 20, 21]
[1, 2, 3, 4, 5, 6, 7, 8, 9, 12, 13, 15, 16, 17, 19, 20, 21]
[1, 2, 3, 4, 5, 6, 7, 8, 9, 12, 13, 15, 17, 18, 19, 20, 21]
[1, 2, 3, 4, 5, 6, 7, 8, 9, 12, 13, 15, 17, 19, 20, 22, 23]
[1, 2, 3, 4, 5, 6, 7, 8, 9, 12, 13, 15, 17, 19, 20, 22, 24]
[1, 2, 3, 4, 5, 6, 8, 9, 12, 13, 14, 15, 16, 17, 19, 20, 21]
[1, 2, 3, 4, 5, 6, 8, 9, 12, 13, 14, 15, 17, 18, 19, 20, 21]
[1, 2, 3, 4, 5, 6, 8, 9, 12, 13, 14, 15, 17, 19, 20, 22, 23]
[1, 2, 3, 4, 5, 6, 8, 9, 12, 13, 14, 15, 17, 19, 20, 22, 24]
[1, 2, 3, 4, 5, 6, 8, 9, 12, 13, 15, 16, 17, 18, 19, 20, 21]
[1, 2, 3, 4, 5, 6, 8, 9, 12, 13, 15, 16, 17, 19, 20, 22, 23]
[1, 2, 3, 4, 5, 6, 8, 9, 12, 13, 15, 16, 17, 19, 20, 22, 24]
[1, 2, 3, 4, 5, 6, 8, 9, 12, 13, 15, 17, 18, 19, 20, 22, 23]
[1, 2, 3, 4, 5, 6, 8, 9, 12, 13, 15, 17, 18, 19, 20, 22, 24]
[1, 2, 3, 4, 6, 7, 8, 9, 12, 13, 14, 15, 16, 17, 19, 20, 21]
[1, 2, 3, 4, 6, 7, 8, 9, 12, 13, 14, 15, 17, 18, 19, 20, 21]
[1, 2, 3, 4, 6, 7, 8, 9, 12, 13, 14, 15, 17, 19, 20, 22, 23]
[1, 2, 3, 4, 6, 7, 8, 9, 12, 13, 14, 15, 17, 19, 20, 22, 24]
[1, 2, 3, 4, 6, 7, 8, 9, 12, 13, 15, 16, 17, 18, 19, 20, 21]
[1, 2, 3, 4, 6, 7, 8, 9, 12, 13, 15, 16, 17, 19, 20, 22, 23]
[1, 2, 3, 4, 6, 7, 8, 9, 12, 13, 15, 16, 17, 19, 20, 22, 24]
[1, 2, 3, 4, 6, 7, 8, 9, 12, 13, 15, 17, 18, 19, 20, 22, 23]
[1, 2, 3, 4, 6, 7, 8, 9, 12, 13, 15, 17, 18, 19, 20, 22, 24]
[1, 2, 3, 4, 6, 8, 9, 12, 13, 14, 15, 16, 17, 18, 19, 20, 21]
[1, 2, 3, 4, 6, 8, 9, 12, 13, 14, 15, 16, 17, 19, 20, 22, 23]
[1, 2, 3, 4, 6, 8, 9, 12, 13, 14, 15, 16, 17, 19, 20, 22, 24]
[1, 2, 3, 4, 6, 8, 9, 12, 13, 14, 15, 17, 18, 19, 20, 22, 23]
[1, 2, 3, 4, 6, 8, 9, 12, 13, 14, 15, 17, 18, 19, 20, 22, 24]
[1, 2, 3, 4, 6, 8, 9, 12, 13, 15, 16, 17, 18, 19, 20, 22, 23]
[1, 2, 3, 4, 6, 8, 9, 12, 13, 15, 16, 17, 18, 19, 20, 22, 24]
[1, 3, 4, 5, 6, 7, 8, 9, 12, 13, 14, 15, 16, 17, 19, 20, 21]
[1, 3, 4, 5, 6, 7, 8, 9, 12, 13, 14, 15, 17, 18, 19, 20, 21]
[1, 3, 4, 5, 6, 7, 8, 9, 12, 13, 14, 15, 17, 19, 20, 22, 23]
[1, 3, 4, 5, 6, 7, 8, 9, 12, 13, 14, 15, 17, 19, 20, 22, 24]
[1, 3, 4, 5, 6, 7, 8, 9, 12, 13, 15, 16, 17, 18, 19, 20, 21]
[1, 3, 4, 5, 6, 7, 8, 9, 12, 13, 15, 16, 17, 19, 20, 22, 23]
[1, 3, 4, 5, 6, 7, 8, 9, 12, 13, 15, 16, 17, 19, 20, 22, 24]
[1, 3, 4, 5, 6, 7, 8, 9, 12, 13, 15, 17, 18, 19, 20, 22, 23]
[1, 3, 4, 5, 6, 7, 8, 9, 12, 13, 15, 17, 18, 19, 20, 22, 24]
[1, 3, 4, 5, 6, 8, 9, 12, 13, 14, 15, 16, 17, 18, 19, 20, 21]
[1, 3, 4, 5, 6, 8, 9, 12, 13, 14, 15, 16, 17, 19, 20, 22, 23]
[1, 3, 4, 5, 6, 8, 9, 12, 13, 14, 15, 16, 17, 19, 20, 22, 24]
[1, 3, 4, 5, 6, 8, 9, 12, 13, 14, 15, 17, 18, 19, 20, 22, 23]
[1, 3, 4, 5, 6, 8, 9, 12, 13, 14, 15, 17, 18, 19, 20, 22, 24]
[1, 3, 4, 5, 6, 8, 9, 12, 13, 15, 16, 17, 18, 19, 20, 22, 23]
[1, 3, 4, 5, 6, 8, 9, 12, 13, 15, 16, 17, 18, 19, 20, 22, 24]
[1, 3, 4, 6, 7, 8, 9, 12, 13, 14, 15, 16, 17, 18, 19, 20, 21]
[1, 3, 4, 6, 7, 8, 9, 12, 13, 14, 15, 16, 17, 19, 20, 22, 23]
[1, 3, 4, 6, 7, 8, 9, 12, 13, 14, 15, 16, 17, 19, 20, 22, 24]
[1, 3, 4, 6, 7, 8, 9, 12, 13, 14, 15, 17, 18, 19, 20, 22, 23]
[1, 3, 4, 6, 7, 8, 9, 12, 13, 14, 15, 17, 18, 19, 20, 22, 24]
[1, 3, 4, 6, 7, 8, 9, 12, 13, 15, 16, 17, 18, 19, 20, 22, 23]
[1, 3, 4, 6, 7, 8, 9, 12, 13, 15, 16, 17, 18, 19, 20, 22, 24]
[1, 3, 4, 6, 8, 9, 12, 13, 14, 15, 16, 17, 18, 19, 20, 22, 23]
[1, 3, 4, 6, 8, 9, 12, 13, 14, 15, 16, 17, 18, 19, 20, 22, 24]
[13, 14, 15, 16, 17, 18, 19, 12, 3, 4, 5, 6, 7, 8, 9, 10, 11]
[13, 14, 15, 16, 17, 18, 19, 20, 21, 12, 3, 4, 6, 8, 9, 10, 11]
[13, 14, 15, 16, 17, 19, 20, 21, 12, 3, 4, 5, 6, 8, 9, 10, 11]
[13, 14, 15, 16, 17, 19, 20, 21, 12, 3, 4, 6, 7, 8, 9, 10, 11]
[13, 14, 15, 16, 17, 19, 20, 22, 23, 12, 3, 4, 6, 8, 9, 10, 11]
[13, 14, 15, 16, 17, 19, 20, 22, 24, 12, 3, 4, 6, 8, 9, 10, 11]
[13, 14, 15, 17, 18, 19, 20, 21, 12, 3, 4, 5, 6, 8, 9, 10, 11]
[13, 14, 15, 17, 18, 19, 20, 21, 12, 3, 4, 6, 7, 8, 9, 10, 11]
[13, 14, 15, 17, 18, 19, 20, 22, 23, 12, 3, 4, 6, 8, 9, 10, 11]
[13, 14, 15, 17, 18, 19, 20, 22, 24, 12, 3, 4, 6, 8, 9, 10, 11]
[13, 14, 15, 17, 19, 20, 21, 12, 3, 4, 5, 6, 7, 8, 9, 10, 11]
[13, 14, 15, 17, 19, 20, 22, 23, 12, 3, 4, 5, 6, 8, 9, 10, 11]
[13, 14, 15, 17, 19, 20, 22, 23, 12, 3, 4, 6, 7, 8, 9, 10, 11]
[13, 14, 15, 17, 19, 20, 22, 24, 12, 3, 4, 5, 6, 8, 9, 10, 11]
[13, 14, 15, 17, 19, 20, 22, 24, 12, 3, 4, 6, 7, 8, 9, 10, 11]
[13, 15, 16, 17, 18, 19, 20, 21, 12, 3, 4, 5, 6, 8, 9, 10, 11]
[13, 15, 16, 17, 18, 19, 20, 21, 12, 3, 4, 6, 7, 8, 9, 10, 11]
[13, 15, 16, 17, 18, 19, 20, 22, 23, 12, 3, 4, 6, 8, 9, 10, 11]
[13, 15, 16, 17, 18, 19, 20, 22, 24, 12, 3, 4, 6, 8, 9, 10, 11]
[13, 15, 16, 17, 19, 20, 21, 12, 3, 4, 5, 6, 7, 8, 9, 10, 11]
[13, 15, 16, 17, 19, 20, 22, 23, 12, 3, 4, 5, 6, 8, 9, 10, 11]
[13, 15, 16, 17, 19, 20, 22, 23, 12, 3, 4, 6, 7, 8, 9, 10, 11]
[13, 15, 16, 17, 19, 20, 22, 24, 12, 3, 4, 5, 6, 8, 9, 10, 11]
[13, 15, 16, 17, 19, 20, 22, 24, 12, 3, 4, 6, 7, 8, 9, 10, 11]
[13, 15, 17, 18, 19, 20, 21, 12, 3, 4, 5, 6, 7, 8, 9, 10, 11]
[13, 15, 17, 18, 19, 20, 22, 23, 12, 3, 4, 5, 6, 8, 9, 10, 11]
[13, 15, 17, 18, 19, 20, 22, 23, 12, 3, 4, 6, 7, 8, 9, 10, 11]
[13, 15, 17, 18, 19, 20, 22, 24, 12, 3, 4, 5, 6, 8, 9, 10, 11]
[13, 15, 17, 18, 19, 20, 22, 24, 12, 3, 4, 6, 7, 8, 9, 10, 11]
[13, 15, 17, 19, 20, 22, 23, 12, 3, 4, 5, 6, 7, 8, 9, 10, 11]
[13, 15, 17, 19, 20, 22, 24, 12, 3, 4, 5, 6, 7, 8, 9, 10, 11]
[1, 2, 3, 4, 5, 6, 7, 8, 9, 12, 13, 14, 15, 16, 17, 19, 20, 21]
[1, 2, 3, 4, 5, 6, 7, 8, 9, 12, 13, 14, 15, 17, 18, 19, 20, 21]
[1, 2, 3, 4, 5, 6, 7, 8, 9, 12, 13, 14, 15, 17, 19, 20, 22, 23]
[1, 2, 3, 4, 5, 6, 7, 8, 9, 12, 13, 14, 15, 17, 19, 20, 22, 24]
[1, 2, 3, 4, 5, 6, 7, 8, 9, 12, 13, 15, 16, 17, 18, 19, 20, 21]
[1, 2, 3, 4, 5, 6, 7, 8, 9, 12, 13, 15, 16, 17, 19, 20, 22, 23]
[1, 2, 3, 4, 5, 6, 7, 8, 9, 12, 13, 15, 16, 17, 19, 20, 22, 24]
[1, 2, 3, 4, 5, 6, 7, 8, 9, 12, 13, 15, 17, 18, 19, 20, 22, 23]
[1, 2, 3, 4, 5, 6, 7, 8, 9, 12, 13, 15, 17, 18, 19, 20, 22, 24]
[1, 2, 3, 4, 5, 6, 8, 9, 12, 13, 14, 15, 16, 17, 18, 19, 20, 21]
[1, 2, 3, 4, 5, 6, 8, 9, 12, 13, 14, 15, 16, 17, 19, 20, 22, 23]
[1, 2, 3, 4, 5, 6, 8, 9, 12, 13, 14, 15, 16, 17, 19, 20, 22, 24]
[1, 2, 3, 4, 5, 6, 8, 9, 12, 13, 14, 15, 17, 18, 19, 20, 22, 23]
[1, 2, 3, 4, 5, 6, 8, 9, 12, 13, 14, 15, 17, 18, 19, 20, 22, 24]
[1, 2, 3, 4, 5, 6, 8, 9, 12, 13, 15, 16, 17, 18, 19, 20, 22, 23]
[1, 2, 3, 4, 5, 6, 8, 9, 12, 13, 15, 16, 17, 18, 19, 20, 22, 24]
[1, 2, 3, 4, 6, 7, 8, 9, 12, 13, 14, 15, 16, 17, 18, 19, 20, 21]
[1, 2, 3, 4, 6, 7, 8, 9, 12, 13, 14, 15, 16, 17, 19, 20, 22, 23]
[1, 2, 3, 4, 6, 7, 8, 9, 12, 13, 14, 15, 16, 17, 19, 20, 22, 24]
[1, 2, 3, 4, 6, 7, 8, 9, 12, 13, 14, 15, 17, 18, 19, 20, 22, 23]
[1, 2, 3, 4, 6, 7, 8, 9, 12, 13, 14, 15, 17, 18, 19, 20, 22, 24]
[1, 2, 3, 4, 6, 7, 8, 9, 12, 13, 15, 16, 17, 18, 19, 20, 22, 23]
[1, 2, 3, 4, 6, 7, 8, 9, 12, 13, 15, 16, 17, 18, 19, 20, 22, 24]
[1, 2, 3, 4, 6, 8, 9, 12, 13, 14, 15, 16, 17, 18, 19, 20, 22, 23]
[1, 2, 3, 4, 6, 8, 9, 12, 13, 14, 15, 16, 17, 18, 19, 20, 22, 24]
[1, 3, 4, 5, 6, 7, 8, 9, 12, 13, 14, 15, 16, 17, 18, 19, 20, 21]
[1, 3, 4, 5, 6, 7, 8, 9, 12, 13, 14, 15, 16, 17, 19, 20, 22, 23]
[1, 3, 4, 5, 6, 7, 8, 9, 12, 13, 14, 15, 16, 17, 19, 20, 22, 24]
[1, 3, 4, 5, 6, 7, 8, 9, 12, 13, 14, 15, 17, 18, 19, 20, 22, 23]
[1, 3, 4, 5, 6, 7, 8, 9, 12, 13, 14, 15, 17, 18, 19, 20, 22, 24]
[1, 3, 4, 5, 6, 7, 8, 9, 12, 13, 15, 16, 17, 18, 19, 20, 22, 23]
[1, 3, 4, 5, 6, 7, 8, 9, 12, 13, 15, 16, 17, 18, 19, 20, 22, 24]
[1, 3, 4, 5, 6, 8, 9, 12, 13, 14, 15, 16, 17, 18, 19, 20, 22, 23]
[1, 3, 4, 5, 6, 8, 9, 12, 13, 14, 15, 16, 17, 18, 19, 20, 22, 24]
[1, 3, 4, 6, 7, 8, 9, 12, 13, 14, 15, 16, 17, 18, 19, 20, 22, 23]
[1, 3, 4, 6, 7, 8, 9, 12, 13, 14, 15, 16, 17, 18, 19, 20, 22, 24]
[13, 14, 15, 16, 17, 18, 19, 20, 21, 12, 3, 4, 5, 6, 8, 9, 10, 11]
[13, 14, 15, 16, 17, 18, 19, 20, 21, 12, 3, 4, 6, 7, 8, 9, 10, 11]
[13, 14, 15, 16, 17, 18, 19, 20, 22, 23, 12, 3, 4, 6, 8, 9, 10, 11]
[13, 14, 15, 16, 17, 18, 19, 20, 22, 24, 12, 3, 4, 6, 8, 9, 10, 11]
[13, 14, 15, 16, 17, 19, 20, 21, 12, 3, 4, 5, 6, 7, 8, 9, 10, 11]
[13, 14, 15, 16, 17, 19, 20, 22, 23, 12, 3, 4, 5, 6, 8, 9, 10, 11]
[13, 14, 15, 16, 17, 19, 20, 22, 23, 12, 3, 4, 6, 7, 8, 9, 10, 11]
[13, 14, 15, 16, 17, 19, 20, 22, 24, 12, 3, 4, 5, 6, 8, 9, 10, 11]
[13, 14, 15, 16, 17, 19, 20, 22, 24, 12, 3, 4, 6, 7, 8, 9, 10, 11]
[13, 14, 15, 17, 18, 19, 20, 21, 12, 3, 4, 5, 6, 7, 8, 9, 10, 11]
[13, 14, 15, 17, 18, 19, 20, 22, 23, 12, 3, 4, 5, 6, 8, 9, 10, 11]
[13, 14, 15, 17, 18, 19, 20, 22, 23, 12, 3, 4, 6, 7, 8, 9, 10, 11]
[13, 14, 15, 17, 18, 19, 20, 22, 24, 12, 3, 4, 5, 6, 8, 9, 10, 11]
[13, 14, 15, 17, 18, 19, 20, 22, 24, 12, 3, 4, 6, 7, 8, 9, 10, 11]
[13, 14, 15, 17, 19, 20, 22, 23, 12, 3, 4, 5, 6, 7, 8, 9, 10, 11]
[13, 14, 15, 17, 19, 20, 22, 24, 12, 3, 4, 5, 6, 7, 8, 9, 10, 11]
[13, 15, 16, 17, 18, 19, 20, 21, 12, 3, 4, 5, 6, 7, 8, 9, 10, 11]
[13, 15, 16, 17, 18, 19, 20, 22, 23, 12, 3, 4, 5, 6, 8, 9, 10, 11]
[13, 15, 16, 17, 18, 19, 20, 22, 23, 12, 3, 4, 6, 7, 8, 9, 10, 11]
[13, 15, 16, 17, 18, 19, 20, 22, 24, 12, 3, 4, 5, 6, 8, 9, 10, 11]
[13, 15, 16, 17, 18, 19, 20, 22, 24, 12, 3, 4, 6, 7, 8, 9, 10, 11]
[13, 15, 16, 17, 19, 20, 22, 23, 12, 3, 4, 5, 6, 7, 8, 9, 10, 11]
[13, 15, 16, 17, 19, 20, 22, 24, 12, 3, 4, 5, 6, 7, 8, 9, 10, 11]
[13, 15, 17, 18, 19, 20, 22, 23, 12, 3, 4, 5, 6, 7, 8, 9, 10, 11]
[13, 15, 17, 18, 19, 20, 22, 24, 12, 3, 4, 5, 6, 7, 8, 9, 10, 11]
[1, 2, 3, 4, 5, 6, 7, 8, 9, 12, 13, 14, 15, 16, 17, 18, 19, 20, 21]
[1, 2, 3, 4, 5, 6, 7, 8, 9, 12, 13, 14, 15, 16, 17, 19, 20, 22, 23]
[1, 2, 3, 4, 5, 6, 7, 8, 9, 12, 13, 14, 15, 16, 17, 19, 20, 22, 24]
[1, 2, 3, 4, 5, 6, 7, 8, 9, 12, 13, 14, 15, 17, 18, 19, 20, 22, 23]
[1, 2, 3, 4, 5, 6, 7, 8, 9, 12, 13, 14, 15, 17, 18, 19, 20, 22, 24]
[1, 2, 3, 4, 5, 6, 7, 8, 9, 12, 13, 15, 16, 17, 18, 19, 20, 22, 23]
[1, 2, 3, 4, 5, 6, 7, 8, 9, 12, 13, 15, 16, 17, 18, 19, 20, 22, 24]
[1, 2, 3, 4, 5, 6, 8, 9, 12, 13, 14, 15, 16, 17, 18, 19, 20, 22, 23]
[1, 2, 3, 4, 5, 6, 8, 9, 12, 13, 14, 15, 16, 17, 18, 19, 20, 22, 24]
[1, 2, 3, 4, 6, 7, 8, 9, 12, 13, 14, 15, 16, 17, 18, 19, 20, 22, 23]
[1, 2, 3, 4, 6, 7, 8, 9, 12, 13, 14, 15, 16, 17, 18, 19, 20, 22, 24]
[1, 3, 4, 5, 6, 7, 8, 9, 12, 13, 14, 15, 16, 17, 18, 19, 20, 22, 23]
[1, 3, 4, 5, 6, 7, 8, 9, 12, 13, 14, 15, 16, 17, 18, 19, 20, 22, 24]
[13, 14, 15, 16, 17, 18, 19, 20, 21, 12, 3, 4, 5, 6, 7, 8, 9, 10, 11]
[13, 14, 15, 16, 17, 18, 19, 20, 22, 23, 12, 3, 4, 5, 6, 8, 9, 10, 11]
[13, 14, 15, 16, 17, 18, 19, 20, 22, 23, 12, 3, 4, 6, 7, 8, 9, 10, 11]
[13, 14, 15, 16, 17, 18, 19, 20, 22, 24, 12, 3, 4, 5, 6, 8, 9, 10, 11]
[13, 14, 15, 16, 17, 18, 19, 20, 22, 24, 12, 3, 4, 6, 7, 8, 9, 10, 11]
[13, 14, 15, 16, 17, 19, 20, 22, 23, 12, 3, 4, 5, 6, 7, 8, 9, 10, 11]
[13, 14, 15, 16, 17, 19, 20, 22, 24, 12, 3, 4, 5, 6, 7, 8, 9, 10, 11]
[13, 14, 15, 17, 18, 19, 20, 22, 23, 12, 3, 4, 5, 6, 7, 8, 9, 10, 11]
[13, 14, 15, 17, 18, 19, 20, 22, 24, 12, 3, 4, 5, 6, 7, 8, 9, 10, 11]
[13, 15, 16, 17, 18, 19, 20, 22, 23, 12, 3, 4, 5, 6, 7, 8, 9, 10, 11]
[13, 15, 16, 17, 18, 19, 20, 22, 24, 12, 3, 4, 5, 6, 7, 8, 9, 10, 11]
[1, 2, 3, 4, 5, 6, 7, 8, 9, 12, 13, 14, 15, 16, 17, 18, 19, 20, 22, 23]
[1, 2, 3, 4, 5, 6, 7, 8, 9, 12, 13, 14, 15, 16, 17, 18, 19, 20, 22, 24]
[13, 14, 15, 16, 17, 18, 19, 20, 22, 23, 12, 3, 4, 5, 6, 7, 8, 9, 10, 11]
[13, 14, 15, 16, 17, 18, 19, 20, 22, 24, 12, 3, 4, 5, 6, 7, 8, 9, 10, 11]
